00700813
0fc10217
00000013
00000013
00000013
ffc20213
0fc10297
00000013
00000013
00000013
01028293
400006b7
00000013
00000013
00000013
fff68693
04080a63 <-
00000013
00000013
00022403
00000013
00000013
00000013
00040507
00420213
fff80813
00000013
00d525b3
00000013
00000013
00000013
fc0584e3 <-
00000013
00000013
000506b3
fb9ff0ef <-
00000013
00000013
00d2a023
000000ef
00000013

